-2.152424665243818092e-01 -3.759600125081618005e-01 5.753253361053980441e-01 1.000000000000000000e+00
-2.218979626905157876e-01 -3.581160884617571316e-01 5.774123896808643908e-01 1.000000000000000000e+00
-2.079694980823740547e-01 -3.987655855214967682e-01 5.678824835970013307e-01 1.000000000000000000e+00
-2.168550113489343123e-01 -3.712369694254536445e-01 5.765547845969153373e-01 1.000000000000000000e+00
-2.136230030980512673e-01 -3.877300280775146657e-01 5.620132351705736662e-01 1.000000000000000000e+00
-2.101138604462607085e-01 -3.965502063360659690e-01 5.627359482934696233e-01 1.000000000000000000e+00
-2.069723557340270026e-01 -3.985887923703021474e-01 5.717548160094154674e-01 1.000000000000000000e+00
-2.183429427024796698e-01 -3.736490093846351335e-01 5.659119190517838405e-01 1.000000000000000000e+00
-2.054380570876883638e-01 -3.969709920998797381e-01 5.778746375803346380e-01 1.000000000000000000e+00
-2.101538927691947445e-01 -3.966119313411773373e-01 5.625067118569021529e-01 1.000000000000000000e+00
-2.086790937242974653e-01 -3.894330593422470344e-01 5.776225138604084153e-01 1.000000000000000000e+00
-2.093750300108542239e-01 -3.980191687583505833e-01 5.637848574590129669e-01 1.000000000000000000e+00
-2.131497722744467027e-01 -3.885055447553765196e-01 5.638382267758254018e-01 1.000000000000000000e+00
-2.130633980058642130e-01 -3.774912883803540065e-01 5.803938777063438748e-01 1.000000000000000000e+00
-2.176928849169409708e-01 -3.626830743063538809e-01 5.843661950087141177e-01 1.000000000000000000e+00
-2.093228862001457746e-01 -3.979368843557812840e-01 5.636442566896301409e-01 1.000000000000000000e+00
-2.088009243287392569e-01 -3.892883954379838252e-01 5.781894249992348689e-01 1.000000000000000000e+00
-1.886681847939548351e-01 -3.915753406163408612e-01 5.460385649187469159e-01 1.000000000000000000e+00
-2.117079239458388440e-01 -3.925239992605398798e-01 5.638054025585310658e-01 1.000000000000000000e+00
-2.133016996290576228e-01 -3.879823227920524698e-01 5.632012614972209397e-01 1.000000000000000000e+00
-1.797924132143890186e-01 -4.122565702863400516e-01 5.377446799158599466e-01 1.000000000000000000e+00
-2.226872886914802452e-01 -3.559634261609039840e-01 5.765461763270522955e-01 1.000000000000000000e+00
-2.254294875008427956e-01 -3.501995200703745814e-01 5.750121833332151322e-01 1.000000000000000000e+00
